515
932 647 641 824 577 873 494 676 325 10 722 71 963 202 255 303 756 897
 796 128 665 213 577 770 189 916 618 380 90 2 673 376 763 324 929
 983 42 950 544 542 420 530 580 225 945 762 233 799 168 600 82 222
 842 683 343 33 910 485 77 239 653 500 100 966 894 957 925 111 221
 639 747 204 504 255 756 455 371 672 887 997 596 750 392 51 841
 531 833 711 16 249 684 170 999 504 63 461 598 618 462 298 577
 886 231 860 634 211 66 42 663 621 504 615 840 748 878 206 236
 915 762 772 940 710 189 110 120 840 977 893 129 35 316 943 334 601 454
 408 83 308 200 505 311 801 469 71 844 882 173 127 205 267 792 273 27 189 752 234
 768 66 586 295 656 824 671 223 84 434 125 672 801 347 19 748 401 676 117 709 537
 559 477 799 754 221 915 805 371 894 406 335 599 15 891 554 867 417 814 160 788 71
 215 402 726 711 30 452 87 677 113 32 61 541 701 981 493 680 612 280 750 920 895
 748 797 487 684 558 131 901 209 556 164 865 714 512 241 906 142 304 888 206 609
 240 777 474 630 513 325 51 387 147 155 949 298 585 683 18 12 588 262 717 961
 523 605 975 174 145 713 554 910 608 155 933 548 693 726 591 919 779 58 711
 535 941 793 547 104 38 871 647 180 83 62 425 350 252 31 531 100 70 960 168
 756 212 538 35 131 984 698 12 937 12 259 772 609 198 90 403 976 844 346 152 820 715 545 705
 991 175 963 395 859 518 13 612 816 509 820 655 349 560 935 745 388 148 634 618 720 79 685 557 219 50
 157 811 515 549 409 356 980 572 751 704 541 881 816 102 564 666 81 443 218 101 356 613 151 41 950
 600 933 206 666 169 776 248 950 873 177 576 333 532 983 804 581 26 487 248 601 974 645 468 769
 13 244 447 632 866 514 789 343 576 408 134 569 518 232 111 439 626 743 252 444 271 142 238 771
 505 603 865 280 219 117 938 164 255 257 367 885 334 638 799 245 136 792 340 682 6 579 318 702
 789 869 194 856 198 401 322 403 949 817 447 445 414 908 716 842 791 577 325 682 202 859 791 921
 377 525 466 205 919 984 397 117 124 538 409 128 593 953 48 692 437 313 95 208 255 122 450 516
 982 549 711 575 541 152 30 769 362 536 847 90 594 951 421 195 589 991 905 268 856 325